26457
39666
30308
22521
19406
5399
20692
45865
38176
27339
28160
34246
16612
57843
3690
1558
39844
4428
15299
62728
53389
54271
24534
33557
15303
36016
62790
16664
21016
33336
8789
3405
4735
60686
36864
13312
14969
37869
5122
43791
26874
15469
14881
17721
8207
24955
33665
30941
7932
33312
26931
17212
59242
24324
7380
22488
50530
55516
26118
6571
21695
3513
18806
25466
1038
19270
50355
23562
22222
28801
29990
5319
54197
11999
34496
31572
24932
2328
35863
56136
59716
386
40113
21229
5825
13037
12900
56960
60895
25070
7049
1966
20634
18780
34801
36014
50086
38912
49679
2574
21098
26384
50997
38417
9415
17825
22744
27310
36941
46235
45176
62975
24472
17795
3941
38600
65201
11429
32404
46453
53151
28989
14304
64
20595
29746
5438
9487
63710
1109
43578
11103
57934
58841
13409
26230
55243
38475
42692
6770
21416
14085
48926
16302
3500
12735
18292
5591
63013
11907
36965
23799
3681
58159
28287
23864
20114
48127
59990
22525
22983
13824
42998
25840
56060
24622
18630
5540
6197
31423
41858
57570
13088
15829
17053
19888
9928
24013
49790
1094
24955
23514
12534
23040
48511
18922
46596
3110
1178
39186
34340
48434
24160
20049
20393
24724
24974
37512
6671
10970
43538
50261
30468
22234
4487
17758
13455
15785
3009
48307
44339
58656
24081
34187
51625
29222
60199
20744
42755
26193
45157
31509
12007
28387
14609
21024
19819
58178
45521
14230
35874
7487
47039
28691
58227
13394
56371
7702
28024
38952
22003
58711
10197
46359
17128
18328
10068
32894
20627
57926
2001
12737
19927
18143
12454
55527
37926
29374
57356
11348
63841
44625
13002
9547
1185
23516
22400
38367
61266
33513
20919
11345
59193
31730
38855
40512
30267
22453
6755
25468
42819
35641
1355
19257
50626
9543
39057
49363
37963
47079
41250
7629
51134
4364
20580
26409
1251
31907
60839
11060
44873
16523
15211
25717
32491
15488
34322
46298
6170
34011
29705
33751
9020
41983
39072
31038
37303
8946
60784
1823
40962
35509
6671
44440
37739
15755
29059
62996
23088
5532
55422
52902
55055
28107
8542
37820
21461
9781
35572
15630
513
59355
57448
29801
37434
46833
39455
59414
21731
8491
25869
41289
27678
41361
42511
8138
54278
19983
9630
12477
13673
28784
48127
1456
64385
13537
64242
48322
13105
18410
50793
63918
39796
50411
7607
11027
40947
43346
254
52942
59886
38832
5785
19701
52544
52516
8511
35302
12641
874
21691
63151
7521
38509
29646
60014
50113
44488
24840
20794
42148
44439
26034
1021
923
40511
4209
21151
48968
9480
53282
48438
26058
42888
43550
31758
52813
9804
58535
7966
18334
40980
45588
13994
39577
35513
50822
65063
22159
18822
60392
27281
37684
61116
46561
44141
4057
63381
13438
13728
14470
49990
12272
4841
36763
65234
1250
63980
35819
7436
36678
50580
32841
46135
52167
22028
18424
34180
34308
25801
31907
20102
52786
64402
64323
56793
17251
58466
40808
19147
60251
49748
56477
30788
13582
8012
19843
3479
29397
51570
21754
59517
7195
29854
32879
23241
14205
61743
51333
45114
40109
2416
63493
58855
11457
31490
7564
55520
34445
45299
50160
44399
10053
10121
56664
49134
54324
27278
34438
2975
52473
48179
36877
55236
50479
56326
43964
26517
23569
29899
8736
58035
34749
11234
36969
14796
45975
34632
46875
15009
40222
9901
16165
42833
62309
35454
19102
2968
33523
42929
63840
20287
7372
17042
58852
1021
13214
54349
15505
1621
22594
4188
64832
57704
48781
55064
21642
9394
59339
781
48708
27973
37073
28246
54622
47639
22774
21953
46242
61612
1406
53122
34913
29999
15540
62692
12522
58164
31906
6125
28961
19134
34389
33151
18856
40102
34525
49337
36993
61887
46700
10971
9378
7608
43748
21165
62769
6604
8562
41239
29478
39009
59768
58532
31298
55641
62824
21908
45479
15446
27552
50587
19852
12694
7363
14423
51236
61625
46627
4514
63777
44566
49265
9156
7695
4127
21664
55086
13324
5749
62909
12889
4528
61546
11705
57486
12293
57515
6232
19522
2116
64541
39210
11145
29428
37573
27618
21741
63812
26406
57295
38756
35921
35622
58272
33537
27805
5450
1256
22481
8142
46752
23113
38747
24774
7338
38685
18828
53198
37868
5914
55785
29437
27402
53010
23464
35740
33892
14480
64917
61715
30938
28824
57032
42598
53760
32889
20117
12689
41254
47805
45519
58722
760
2121
55495
44070
43490
12872
61892
25784
2955
38867
34299
53661
17488
14701
2282
52223
44756
46043
36428
36816
53594
14022
46928
52346
59303
64799
63214
50013
33323
33997
62820
19547
33494
9171
17927
38403
362
33399
24374
62389
11378
34464
1162
60923
11725
58531
11650
2284
4557
36781
8479
40879
4856
55161
40889
43980
57952
1348
51591
2201
14804
38393
8333
34699
27094
53006
55841
5947
40410
56644
23740
1380
13784
9216
38246
35184
4341
2164
64042
58015
47728
45173
61318
22410
39939
45306
39807
52757
12297
1809
23692
55296
30223
26339
25296
23197
63075
39516
47516
9367
32963
29556
13330
9456
40979
36928
39998
44885
54473
40963
36451
34010
59994
64465
3279
49827
52475
43516
61788
33506
52581
27919
29563
56677
11180
25716
27128
5298
33103
20866
18784
30973
26977
34495
4306
54242
52330
21475
61893
52345
63686
52963
63926
31746
12212
50233
63863
36184
20416
28142
21196
32244
36467
5398
56516
33714
53713
43882
14301
57336
48738
42452
24220
1203
19526
19609
3194
29443
1512
25869
28115
2973
37082
37663
1527
7989
61001
20904
36755
46815
57288
38461
60557
43664
63422
33841
51309
25567
15984
20703
289
58948
44523
13662
1953
33167
35861
65024
25452
41008
21292
10732
10885
30447
8788
17475
19078
3943
55699
1861
51245
43009
4939
16552
57380
46051
10413
22413
6069
47340
41904
47059
38131
51888
48982
28431
28108
44091
29485
37954
21230
35129
39228
63525
98
24193
57811
24422
2196
19323
57299
42511
55722
11990
42366
37504
42589
49749
22234
29277
9652
22750
11881
29624
52692
63536
42170
54240
20577
41576
28256
45769
8242
46007
36695
37177
47996
33735
53824
8246
20578
22878
1563
11398
12072
57207
49595
43257
56014
60903
23134
26829
35068
45749
50574
14331
35670
17710
22381
5378
39026
58890
34977
15842
51281
47592
967
7154
35216
35341
17593
26370
61315
1055
46439
54103
47333
